> 1. time window length: 10 m.y.; step: 5.0 m.y.
72.72553394094	83.71983478637	0.0	5.891536	5.891536	259.37087307500	25.12	25	0.000000	5.000000
72.72553394094	83.71983478637	5.0	5.891536	5.891536	259.37087307500	25.12	25	0.000000	5.000000
275.50000000000	83.59999850000	10.0	3.400000	3.400000	97.08235262700	nan	1	0.000000	20.000000
211.17670505787	81.01414674558	30.0	1.596431	1.596431	42.33264781400	24475.71	2	2.000000	65.000000
160.77790486087	85.95335636575	35.0	8.874385	8.874385	-17.64111789510	194.03	3	2.000000	65.000000
155.83958957584	87.74492145903	40.0	17.058013	17.058013	-43.19227666170	216.45	2	34.000000	47.000000
279.62919945859	86.97993053238	45.0	8.294108	8.294108	102.07549529300	123.68	4	35.000000	56.000000
196.20294489590	85.74869543869	50.0	6.397453	6.397453	25.65079271600	110.64	6	35.000000	56.000000
181.80991275003	79.92872940266	55.0	6.452365	6.452365	10.06867104300	203.74	4	48.000000	65.000000
111.33777567124	82.97015430913	60.0	19.002415	19.002415	-55.97403920160	24.35	4	50.000000	67.000000
172.90264825590	72.15831964674	65.0	54.120409	54.120409	-6.27007785600	23.45	2	59.000000	71.000000
169.60000600000	57.90000150000	70.0	11.200000	6.700000	-14.05366830200	13.80	1	65.000000	71.000000
197.80710466872	61.91343278667	75.0	11.339100	11.339100	7.01522091300	487.20	2	68.000000	89.000000
193.29093267420	66.76215034989	80.0	5.746618	5.746618	8.40586703660	256.60	4	68.000000	89.000000
186.69999700000	65.09999850000	100.0	12.500000	8.800000	-8.05986774940	nan	1	98.000000	102.000000
172.00000000000	69.00000000000	115.0	10.000000	7.000000	-41.50788179180	44.00	1	113.000000	123.000000
193.57236557895	69.54690517493	120.0	6.539276	6.539276	-26.16819965190	137.87	5	112.000000	132.000000
