> 1. time window length: 10 m.y.; step: 5.0 m.y.
285.86554457285	85.86074227710	0.0	10.289407	10.289407	120.61665626900	35.37	7	0.000000	20.000000
285.86554457285	85.86074227710	5.0	10.289407	10.289407	120.61665626900	35.37	7	0.000000	20.000000
275.50000000000	83.59999850000	10.0	3.400000	3.400000	97.08235262700	nan	1	0.000000	20.000000
275.50000000000	83.59999850000	15.0	3.400000	3.400000	97.08235262700	nan	1	0.000000	20.000000
298.58741175062	86.55083598395	20.0	15.304651	15.304651	129.29302456800	268.38	2	0.000000	24.000000
123.86671187889	86.59021907722	25.0	18.414679	18.414679	-43.51703561230	25.86	4	22.000000	29.000000
133.29012881748	84.91788351434	30.0	29.850066	29.850066	-35.46088853850	18.11	3	25.000000	30.000000
185.30000300000	80.00000000000	35.0	5.400000	5.400000	12.82176684100	65.10	1	35.000000	39.000000
167.91453425897	81.33931096865	40.0	6.285289	6.285289	-0.11783353570	385.76	3	35.000000	49.000000
157.60542851363	81.65214625174	45.0	13.681323	13.681323	-7.12710918900	335.32	2	41.000000	49.000000
170.24918678366	86.89098074393	50.0	13.707042	13.707042	6.29615989400	45.90	4	44.000000	100.000000
162.31237347003	88.00873781081	55.0	22.244150	22.244150	-1.00938847430	31.77	3	50.000000	100.000000
162.31237347003	88.00873781081	60.0	22.244150	22.244150	-1.00938847430	31.77	3	50.000000	100.000000
125.28979066200	82.26300745690	65.0	27.712282	27.712282	-49.61084195510	6.79	6	50.000000	271.000000
151.66424781054	83.40494435787	70.0	27.444245	27.444245	-23.71643241990	6.91	6	50.000000	271.000000
165.37387675498	81.55266144473	75.0	22.860903	22.860903	-10.87958919830	7.92	7	50.000000	271.000000
159.59739519851	85.82324724680	80.0	25.980780	25.980780	-12.12195521130	7.60	6	50.000000	271.000000
159.59739519851	85.82324724680	85.0	25.980780	25.980780	-12.12195521130	7.60	6	50.000000	271.000000
67.44375952771	85.76264150117	90.0	45.289520	45.289520	256.92154955900	5.09	4	50.000000	271.000000
47.48933358271	80.27586644125	95.0	76.652945	76.652945	237.38908941900	3.68	3	50.000000	271.000000
81.36535320040	83.94387286323	100.0	45.183582	45.183582	258.37981534700	5.11	4	50.000000	271.000000
91.80099024717	78.21891098545	105.0	76.406954	76.406954	258.91717941900	3.69	3	65.000000	271.000000
65.00733239616	70.84035413208	110.0	180.000000	180.000000	245.14470743100	2.07	2	65.000000	271.000000
107.92291648801	79.96453223935	115.0	81.397775	81.397775	-87.90765025779	3.39	3	65.000000	271.000000
144.31403353540	81.19270935885	120.0	47.444724	47.444724	-58.14333317630	4.72	4	65.000000	271.000000
