> 1. time window length: 10 m.y.; step: 5.0 m.y.
92.81010493530	84.24004259591	0.0	4.502104	4.502104	-84.55396840073	42.32	25	0.000000	5.000000
92.81010493530	84.24004259591	5.0	4.502104	4.502104	-84.55396840073	42.32	25	0.000000	5.000000
256.39999400000	77.09999850000	25.0	21.700001	21.700001	101.26923633500	nan	1	2.000000	56.000000
213.73782425697	85.55769362372	30.0	12.351691	12.351691	48.47791320000	56.30	4	2.000000	65.000000
133.10326222088	85.61227439388	35.0	7.112508	7.112508	-41.75934479350	167.85	4	2.000000	65.000000
149.50232876597	85.33627016634	40.0	9.387991	9.387991	-39.41281212320	173.49	3	34.000000	47.000000
229.70443787021	88.18527791621	45.0	8.010426	8.010426	53.71676300100	92.20	5	35.000000	56.000000
196.20294489590	85.74869543869	50.0	6.397453	6.397453	25.65079271600	110.64	6	35.000000	56.000000
179.32435083021	81.51473371487	55.0	4.167276	4.167276	10.01907728300	876.19	3	48.000000	55.000000
63.15438843481	74.19408847464	60.0	37.252372	37.252372	260.27235172900	47.06	2	55.000000	65.000000
169.60000600000	57.90000150000	65.0	11.200000	6.700000	-14.05366830200	13.80	1	65.000000	71.000000
169.60000600000	57.90000150000	70.0	11.200000	6.700000	-14.05366830200	13.80	1	65.000000	71.000000
197.69999700000	59.79999920000	75.0	17.000000	17.000000	3.04959751980	91.60	1	68.000000	89.000000
192.39268582979	67.04041096432	80.0	8.609000	8.609000	7.33683023260	206.11	3	68.000000	89.000000
186.69999700000	65.09999850000	100.0	12.500000	8.800000	-8.05986774940	nan	1	98.000000	102.000000
172.00000000000	69.00000000000	115.0	10.000000	7.000000	-41.50788179180	44.00	1	113.000000	123.000000
195.64851858489	69.36469632527	120.0	5.585021	5.585021	-23.95400124460	144.88	6	112.000000	132.000000
