> 1. time window length: 10 m.y.; step: 5.0 m.y.
37.65408056379	86.46311241572	0.0	7.416920	7.416920	232.13860005900	18.45	22	0.000000	65.000000
54.84341299475	86.59526155218	5.0	7.160468	7.160468	248.85905652800	17.32	25	0.000000	65.000000
114.61281835956	87.38606450909	10.0	13.120302	13.120302	-50.47150555720	22.12	7	0.000000	65.000000
292.33339988353	87.46903611626	15.0	13.903415	13.903415	127.96963542300	79.67	3	0.000000	65.000000
178.30186851192	86.97070178773	20.0	8.612033	8.612033	10.20794574200	79.89	5	0.000000	65.000000
150.18406175864	80.31640432695	25.0	7.854257	7.854257	-21.08216523090	73.72	6	2.000000	65.000000
147.91619943488	81.15703161321	30.0	6.701566	6.701566	-27.35390681170	82.09	7	2.000000	65.000000
236.18285205660	87.84761295293	35.0	9.366776	9.366776	64.09390179000	97.19	4	2.000000	65.000000
236.18285205660	87.84761295293	40.0	9.366776	9.366776	64.09390179000	97.19	4	2.000000	65.000000
179.64996481876	86.89982568792	45.0	8.750227	8.750227	7.67943241640	77.42	5	2.000000	65.000000
179.16847058485	80.25772857634	50.0	9.488477	9.488477	9.29122928480	41.43	7	2.000000	650.000000
173.57969175733	80.10903962723	55.0	8.969144	8.969144	2.94329329180	33.91	9	2.000000	650.000000
178.12825814195	80.27917834581	60.0	10.188018	10.188018	7.50722745690	30.52	8	2.000000	650.000000
168.65314255907	78.50206034087	65.0	10.232592	10.232592	-3.63474880840	23.25	10	2.000000	650.000000
176.63997729955	75.95886122201	70.0	13.561788	13.561788	1.38172874780	20.76	7	50.000000	650.000000
178.86056989776	75.10684738584	75.0	11.650908	11.650908	2.81810282090	23.56	8	50.000000	650.000000
178.86056989776	75.10684738584	80.0	11.650908	11.650908	2.81810282090	23.56	8	50.000000	650.000000
165.06212800811	71.91553842829	85.0	13.421102	13.421102	-13.63131417350	25.87	6	50.000000	650.000000
159.43198698849	72.09105909645	90.0	16.597662	16.597662	-18.66084016490	22.20	5	50.000000	650.000000
153.74864913416	69.58066243844	95.0	21.220434	21.220434	-26.90787559420	19.71	4	50.000000	650.000000
157.80001666918	67.88693841493	100.0	13.911151	13.911151	-37.87132849880	24.15	6	50.000000	650.000000
156.91525167984	66.47118910805	105.0	17.440590	17.440590	-43.02161188520	20.20	5	50.000000	650.000000
161.46785847460	66.66240098384	110.0	18.346178	18.346178	-43.30178422690	18.35	5	50.000000	650.000000
170.69680506497	68.91882204308	115.0	10.676804	10.676804	-37.79214568720	27.87	8	50.000000	650.000000
171.59141452454	69.66081335291	120.0	9.389972	9.389972	-37.04295707240	31.02	9	50.000000	650.000000
