> 1. time window length: 10 m.y.; step: 5.0 m.y.
104.14272227007	81.22031966642	0.0	7.038869	7.038869	-73.04840431530	48.06	10	0.000000	5.000000
116.65663141704	79.18321154942	5.0	8.502999	8.502999	-61.53760974920	29.80	11	0.000000	8.000000
147.69999700000	51.00000000000	10.0	25.100000	14.300000	-35.13431769290	18.00	1	7.000000	10.000000
117.69999700000	85.50000000000	30.0	4.000000	3.400000	-89.01150029658	nan	1	30.000000	42.000000
318.03259111974	87.17110417369	35.0	31.988468	31.988468	132.59007009400	63.06	2	34.000000	56.000000
154.13305974044	88.23530699564	40.0	16.360243	16.360243	-22.30801281510	57.83	3	34.000000	56.000000
127.17993902837	88.73160546567	45.0	10.108687	10.108687	-53.82194970570	83.58	4	34.000000	56.000000
189.48197140640	79.09000575438	50.0	15.257378	15.257378	8.80835534620	26.10	5	35.000000	650.000000
180.13607948680	76.73479439221	55.0	10.200741	10.200741	-2.82862098580	35.97	7	35.000000	650.000000
180.13607948680	76.73479439221	60.0	10.200741	10.200741	-2.82862098580	35.97	7	35.000000	650.000000
175.52626157148	73.46308194721	65.0	9.038804	9.038804	-9.77835078100	55.90	6	50.000000	650.000000
188.13317314633	72.65808012419	70.0	9.432930	9.432930	-0.46575158480	66.75	5	50.000000	650.000000
187.82633232747	71.30422698128	75.0	12.487122	12.487122	5.66276938440	55.11	4	50.000000	650.000000
187.82633232747	71.30422698128	80.0	12.487122	12.487122	5.66276938440	55.11	4	50.000000	650.000000
187.82633232747	71.30422698128	85.0	12.487122	12.487122	5.66276938440	55.11	4	50.000000	650.000000
178.94810920392	69.98065438743	90.0	47.150504	47.150504	-3.83309965830	30.19	2	50.000000	650.000000
170.10000600000	60.20000080000	95.0	9.300000	8.400000	-36.38868610860	73.00	1	50.000000	650.000000
166.40030931486	62.94971895727	100.0	19.465608	19.465608	-47.18006318720	41.16	3	50.000000	650.000000
166.40030931486	62.94971895727	105.0	19.465608	19.465608	-47.18006318720	41.16	3	50.000000	650.000000
166.17083574992	56.15034669162	110.0	19.946799	19.946799	-51.42915097950	158.86	2	50.000000	650.000000
176.08904637075	60.14174227745	115.0	18.878780	18.878780	-42.91484981770	43.70	3	50.000000	650.000000
176.08904637075	60.14174227745	120.0	18.878780	18.878780	-42.91484981770	43.70	3	50.000000	650.000000
