> 1. time window length: 10 m.y.; step: 5.0 m.y.
115.33959867610	85.37831258631	0.0	6.821551	6.821551	-51.13022195290	79.26	7	0.000000	7.000000
115.33959867610	85.37831258631	5.0	6.821551	6.821551	-51.13022195290	79.26	7	0.000000	7.000000
46.48754511729	84.05375237167	10.0	12.926347	12.926347	249.58579311700	375.38	2	0.000000	17.000000
45.29999920000	81.09999850000	15.0	18.600000	13.500000	249.07521540300	51.90	1	14.000000	17.000000
45.29999920000	81.09999850000	20.0	18.600000	13.500000	249.07521540300	51.90	1	14.000000	20.000000
211.00000000000	81.00000000000	25.0	20.000000	16.000000	40.38467699700	27.00	1	25.000000	39.000000
211.00000000000	81.00000000000	30.0	20.000000	16.000000	40.38467699700	27.00	1	29.000000	39.000000
185.00732505849	82.42221357212	35.0	7.321201	7.321201	15.14020868800	284.59	3	29.000000	50.000000
185.00732505849	82.42221357212	40.0	7.321201	7.321201	15.14020868800	284.59	3	29.000000	50.000000
121.73661388488	86.88608283562	45.0	15.023627	15.023627	-55.76234282230	278.43	2	38.000000	50.000000
160.59218081046	83.82270935196	50.0	10.772542	10.772542	-11.32205491760	39.63	6	38.000000	100.000000
184.60493064881	80.93803763315	55.0	11.284907	11.284907	14.62133503100	36.20	6	50.000000	100.000000
184.60493064881	80.93803763315	60.0	11.284907	11.284907	14.62133503100	36.20	6	50.000000	100.000000
168.78561226376	84.95915953367	65.0	16.812623	16.812623	-3.49788595300	10.33	9	50.000000	271.000000
188.10895706324	86.73643671404	70.0	21.708998	21.708998	16.94382802200	8.68	7	50.000000	271.000000
192.48960203779	87.64699476671	75.0	26.622823	26.622823	21.22838953600	7.28	6	50.000000	271.000000
192.48960203779	87.64699476671	80.0	26.622823	26.622823	21.22838953600	7.28	6	50.000000	271.000000
86.24967348314	83.61267820490	85.0	45.496485	45.496485	-86.05285884315	5.05	4	50.000000	271.000000
86.24967348314	83.61267820490	90.0	45.496485	45.496485	-86.05285884315	5.05	4	50.000000	271.000000
127.27994348892	84.73341383647	95.0	33.090156	33.090156	-50.02850370710	6.30	5	50.000000	271.000000
141.80455304547	83.59968736833	100.0	25.741912	25.741912	-41.79190295540	7.72	6	50.000000	271.000000
122.62939351581	81.13606978392	105.0	45.347397	45.347397	-70.46384395690	5.08	4	65.000000	271.000000
133.00455750947	79.95880380366	110.0	46.589225	46.589225	-68.64323097860	4.86	4	65.000000	271.000000
161.93092211354	78.44338012153	115.0	26.035043	26.035043	-44.67267541890	7.57	6	65.000000	271.000000
152.10334471682	78.62120406645	120.0	33.444613	33.444613	-52.87105163530	6.19	5	65.000000	271.000000
