> 1. time window length: 10 m.y.; step: 5.0 m.y.
87.53069527768	86.68649755148	0.0	6.122218	6.122218	-84.75374925641	21.58	27	0.000000	65.000000
99.36223657001	86.12530315889	5.0	6.184519	6.184519	-73.03503418850	19.70	29	0.000000	65.000000
162.27349634754	85.15673531018	10.0	20.414348	20.414348	-3.09589922280	15.00	5	2.000000	65.000000
189.26931490485	88.70057755692	15.0	10.133313	10.133313	23.89961619700	57.97	5	2.000000	65.000000
162.70537392811	87.15392978053	20.0	6.341308	6.341308	-4.17393270850	77.26	8	2.000000	65.000000
173.33791761412	83.46858747987	25.0	6.517837	6.517837	4.83795769820	63.36	9	2.000000	65.000000
170.53236543706	82.88117634128	30.0	6.280346	6.280346	-2.40080072670	68.16	9	2.000000	65.000000
201.90138164590	84.05359895309	35.0	5.020560	5.020560	30.63667087100	145.53	7	2.000000	65.000000
195.23966381514	84.29024604993	40.0	4.286644	4.286644	22.10671928400	145.22	9	2.000000	65.000000
175.65048739282	84.76764991780	45.0	3.943342	3.943342	1.73570993860	135.03	11	2.000000	65.000000
168.60944601299	82.39976547500	50.0	5.830259	5.830259	-3.91378594560	56.39	12	2.000000	650.000000
155.79821966762	81.46168470550	55.0	6.908305	6.908305	-12.66526434530	34.07	14	2.000000	650.000000
162.24923754483	80.09519386491	60.0	7.274618	7.274618	-7.94767382120	30.82	14	2.000000	650.000000
153.24741204698	79.96093473782	65.0	9.623349	9.623349	-20.37358807010	14.71	17	2.000000	650.000000
181.58690251691	76.52976095236	70.0	11.653645	11.653645	2.69931329340	13.62	13	50.000000	650.000000
182.75436201259	76.05211757826	75.0	10.746771	10.746771	4.04234799570	14.65	14	50.000000	650.000000
185.37397511128	77.44263544817	80.0	11.286987	11.286987	8.14435724800	14.46	13	50.000000	650.000000
179.62749708935	76.42577320934	85.0	13.311518	13.311518	0.49782084730	12.73	11	50.000000	650.000000
151.54655257124	76.16536409574	90.0	34.877896	34.877896	-31.52104593850	5.76	5	50.000000	650.000000
154.29712891906	76.61687701103	95.0	26.242268	26.242268	-31.01714228760	7.47	6	50.000000	650.000000
158.33790622641	73.38254553776	100.0	19.146138	19.146138	-36.90551904970	9.32	8	50.000000	650.000000
157.47892191125	73.17378165493	105.0	22.736531	22.736531	-40.68591956110	8.00	7	50.000000	650.000000
152.93116275336	72.97291786378	110.0	27.670746	27.670746	-54.00736770080	6.81	6	50.000000	650.000000
171.22488897221	72.37721391612	115.0	17.304615	17.304615	-40.16293698620	9.81	9	50.000000	650.000000
174.18200661760	72.54423645930	120.0	15.315667	15.315667	-37.67332012880	10.91	10	50.000000	650.000000
