> 1. time window length: 10 m.y.; step: 5.0 m.y.
44.91661769918	87.17809843965	0.0	7.353984	7.353984	238.14816335000	24.50	17	0.000000	65.000000
38.59625276617	86.92941515911	5.0	6.945212	6.945212	232.50054313600	25.75	18	0.000000	65.000000
275.93973997300	83.65952233014	10.0	14.988319	14.988319	118.08084711000	68.70	3	2.000000	65.000000
231.79253336720	82.54928089745	15.0	11.498206	11.498206	72.19694678700	116.01	3	2.000000	65.000000
214.00757852975	84.93381333276	20.0	7.714991	7.714991	50.44630130100	99.32	5	2.000000	65.000000
214.15732574598	87.44346902563	25.0	7.653768	7.653768	50.81494184900	63.16	7	2.000000	65.000000
197.86140721472	87.05109035876	30.0	7.641536	7.641536	29.06654956800	63.36	7	2.000000	65.000000
219.72268618728	84.81835874905	35.0	6.537664	6.537664	47.94122704600	137.94	5	2.000000	65.000000
200.33048279090	84.88369947302	40.0	6.212925	6.212925	28.35292430400	117.26	6	2.000000	65.000000
189.21333660483	84.26363241277	45.0	4.605031	4.605031	18.04633320000	145.65	8	2.000000	65.000000
189.46682674125	81.53205583027	50.0	4.464932	4.464932	20.65120174800	105.54	11	2.000000	100.000000
194.70572065187	81.96579619823	55.0	4.904464	4.904464	26.59036890100	79.29	12	2.000000	100.000000
190.76290241668	80.08584655754	60.0	5.123663	5.123663	20.30188882500	66.43	13	2.000000	150.000000
188.17780237963	76.01414418544	65.0	6.153686	6.153686	12.24930866100	39.58	15	2.000000	150.000000
193.36968430441	74.17202456440	70.0	6.737738	6.737738	16.17029411300	42.46	12	50.000000	150.000000
193.59064515735	74.14872670074	75.0	6.727758	6.727758	16.70426767400	42.59	12	50.000000	150.000000
198.12958421642	75.35538252200	80.0	6.538072	6.538072	23.16823616100	49.73	11	50.000000	150.000000
188.42501134082	72.42357118653	85.0	6.823713	6.823713	9.36950178210	66.85	8	50.000000	150.000000
183.84086426855	68.84629039612	90.0	9.265542	9.265542	-1.15333286980	69.15	5	50.000000	150.000000
174.54920435458	67.91586299615	95.0	11.254945	11.254945	-13.43600637310	121.03	3	50.000000	150.000000
174.54920435458	67.91586299615	100.0	11.254945	11.254945	-13.43600637310	121.03	3	50.000000	150.000000
177.72262010487	64.42263568878	105.0	15.656542	15.656542	-23.16222533670	256.54	2	60.000000	150.000000
176.04264674514	65.97210848260	110.0	7.060588	7.060588	-30.39339061830	305.91	3	60.000000	150.000000
181.77887948105	68.71455052709	115.0	4.070587	4.070587	-28.70148070910	271.90	6	60.000000	150.000000
183.87097719024	69.30500257306	120.0	3.840373	3.840373	-27.35054657970	248.04	7	60.000000	150.000000
