> 1. time window length: 10 m.y.; step: 5.0 m.y.
34.18552483792	52.36677762833	0.0	180.000000	180.000000	235.25267102300	6.86	2	0.000000	2.000000
34.18552483792	52.36677762833	5.0	180.000000	180.000000	235.25267102300	6.86	2	0.000000	5.000000
211.00000000000	81.00000000000	30.0	20.000000	16.000000	40.38467699700	27.00	1	29.000000	39.000000
211.00000000000	81.00000000000	35.0	20.000000	16.000000	40.38467699700	27.00	1	29.000000	39.000000
146.19999700000	79.40000150000	40.0	9.600000	9.600000	-25.11790965160	14.60	1	40.000000	46.000000
164.45862427927	82.74564486681	45.0	7.099883	7.099883	-5.95084698770	302.55	3	35.000000	56.000000
186.33719721136	84.17828679171	50.0	8.137531	8.137531	17.83453750400	944.00	2	35.000000	56.000000
62.90000150000	64.50000000000	60.0	11.800000	6.400000	260.66782304600	39.30	1	55.000000	65.000000
190.30000300000	70.19999690000	80.0	8.100000	8.100000	10.19355478800	nan	1	78.000000	82.000000
189.50000000000	71.30000310000	120.0	3.600000	2.700000	-24.46571562440	nan	1	117.000000	127.000000
