> 1. time window length: 10 m.y.; step: 5.0 m.y.
87.62100100386	84.25860322780	0.0	4.256225	4.256225	-82.01134737073	31.59	37	0.000000	65.000000
93.17924017658	83.99377975166	5.0	4.394584	4.394584	-76.67997148910	28.16	39	0.000000	65.000000
109.07851771843	87.84784646286	10.0	16.658863	16.658863	-56.67442716420	17.13	6	0.000000	65.000000
118.19217070438	88.84386656683	15.0	8.628443	8.628443	-50.98872711710	79.59	5	0.000000	65.000000
145.71807459889	84.22001297839	20.0	7.112511	7.112511	-25.65799764650	61.61	8	0.000000	65.000000
146.98946924817	80.77945525087	25.0	6.763189	6.763189	-23.34083125050	46.54	11	2.000000	65.000000
145.76553516635	81.22589758844	30.0	6.190453	6.190453	-26.90768781560	50.13	12	2.000000	65.000000
163.35510670594	84.95205116486	35.0	6.102153	6.102153	-8.42665625050	72.15	9	2.000000	65.000000
166.14476266769	83.97645201533	40.0	4.620758	4.620758	-4.63512102850	89.20	12	2.000000	72.000000
165.52185680314	83.91829929886	45.0	4.257905	4.257905	-6.97756133280	95.76	13	2.000000	72.000000
184.27022135124	81.30765302275	50.0	4.830842	4.830842	13.00458499200	52.18	18	2.000000	650.000000
186.16527969687	82.01543244265	55.0	5.132162	5.132162	15.26085761400	41.42	20	2.000000	650.000000
187.15253681845	80.87648882230	60.0	5.305479	5.305479	15.08514412600	38.82	20	2.000000	650.000000
175.11038571812	80.17914126353	65.0	7.446351	7.446351	0.16895704080	16.77	24	2.000000	650.000000
183.01777341663	78.49085788695	70.0	8.380378	8.380378	5.59167731670	16.14	20	40.000000	650.000000
183.79020684599	77.23338229208	75.0	8.941585	8.941585	7.12413961330	15.06	19	40.000000	650.000000
185.69119146763	78.26815793518	80.0	9.829592	9.829592	10.12752978500	14.14	17	50.000000	650.000000
176.53198289016	76.70985516066	85.0	11.687555	11.687555	-1.46403243560	12.54	14	50.000000	650.000000
161.91756254984	77.91001576793	90.0	18.991606	18.991606	-16.16863964400	8.31	9	50.000000	650.000000
162.57576262012	77.94091987749	95.0	16.428774	16.428774	-17.76005047710	9.61	10	50.000000	650.000000
163.08704845906	75.53748266462	100.0	13.914048	13.914048	-25.70282828090	10.70	12	50.000000	650.000000
160.33326833751	73.39222424809	105.0	16.551338	16.551338	-33.36038783830	9.48	10	50.000000	650.000000
154.26868163645	73.76952463125	110.0	21.511595	21.511595	-40.19342780690	7.58	8	50.000000	650.000000
176.15610052769	72.63019531455	115.0	11.719192	11.719192	-29.75061400680	12.47	14	50.000000	650.000000
176.90583700147	72.68812111055	120.0	10.850993	10.850993	-29.51832104550	13.39	15	50.000000	650.000000
