> 1. time window length: 10 m.y.; step: 5.0 m.y.
83.00712897776	85.51837220549	0.0	3.992362	3.992362	-88.07019613967	33.91	39	0.000000	7.000000
83.09467925039	85.45573492399	5.0	4.021552	4.021552	-87.24044466756	30.30	43	0.000000	9.000000
78.23206050408	87.21680075930	10.0	20.992018	20.992018	-88.21815779002	14.24	5	0.000000	20.000000
65.73767718381	80.96440263350	15.0	13.869815	13.869815	254.06373927900	326.32	2	14.000000	17.000000
58.91964489273	83.46671915411	20.0	8.533236	8.533236	250.15911668500	209.77	3	14.000000	24.000000
166.90151339294	83.55584617844	25.0	13.659932	13.659932	-1.86186827030	25.01	6	2.000000	56.000000
164.79699406972	81.88483291079	30.0	9.339086	9.339086	-5.21072717820	31.35	9	2.000000	65.000000
193.17786672596	80.70577911704	35.0	8.797120	8.797120	23.91589803200	48.04	7	2.000000	65.000000
190.24181738809	81.76576668834	40.0	5.846872	5.846872	19.56309193900	90.71	8	15.000000	65.000000
161.95476327715	87.05708292802	45.0	6.850148	6.850148	-12.44493356300	96.62	6	35.000000	56.000000
162.61196424048	85.57694979695	50.0	6.515340	6.515340	-7.20473577490	86.80	7	35.000000	56.000000
163.31188187952	78.88606362675	55.0	6.215410	6.215410	-8.39715503150	80.38	8	40.000000	72.000000
154.54352941505	79.24281018873	60.0	9.047623	9.047623	-17.87819275130	33.34	9	40.000000	72.000000
178.24805390934	73.22942069106	65.0	7.371999	7.371999	-0.55285947150	68.00	7	45.000000	85.000000
193.29847094368	75.67811336454	70.0	17.009581	17.009581	16.28324477100	30.14	4	56.000000	84.000000
197.20835652850	73.31798328583	75.0	9.480287	9.480287	18.92674356200	50.90	6	50.000000	100.000000
197.54105228613	69.14078046137	80.0	7.532904	7.532904	15.67192851800	104.13	5	68.000000	89.000000
203.01570808101	66.66623465567	100.0	30.193016	30.193016	5.73409785080	70.53	2	50.000000	150.000000
179.14321769736	65.83218082999	105.0	6.781795	6.781795	-14.93727107310	331.49	3	60.000000	150.000000
181.07353568958	64.80514771474	110.0	16.797762	16.797762	-18.78573401100	223.14	2	65.000000	146.000000
194.42731553741	70.96104176779	120.0	2.679919	2.679919	-22.99805922840	508.36	7	112.000000	132.000000
