> 1. time window length: 10 m.y.; step: 5.0 m.y.
113.10608752436	85.32172009150	0.0	12.139503	12.139503	-52.57682338770	25.68	7	0.000000	56.000000
96.65588777835	86.13524939270	5.0	10.671000	10.671000	-67.62841887580	27.90	8	0.000000	56.000000
296.70645836282	83.30437754382	10.0	39.779487	39.779487	140.33060628300	41.54	2	2.000000	56.000000
231.67049881946	88.47005552653	15.0	52.494636	52.494636	57.98437711200	24.79	2	2.000000	56.000000
291.96304775981	89.25756154088	20.0	18.045093	18.045093	122.21320457900	47.73	3	2.000000	56.000000
107.33468150624	88.50225225568	25.0	11.879955	11.879955	-57.85396568280	60.78	4	2.000000	56.000000
129.80168765988	87.64864886271	30.0	19.160027	19.160027	-36.20300957340	42.45	3	2.000000	56.000000
190.25479265910	85.40837203476	35.0	8.230005	8.230005	23.21950950800	87.39	5	2.000000	56.000000
190.25479265910	85.40837203476	40.0	8.230005	8.230005	23.21950950800	87.39	5	2.000000	56.000000
207.99028763392	84.35204743745	45.0	8.445502	8.445502	43.25637940000	119.32	4	2.000000	56.000000
189.54202696236	79.90796934138	50.0	9.817185	9.817185	19.21285269300	47.53	6	2.000000	650.000000
170.54528862764	82.42643602643	55.0	12.293576	12.293576	2.14725228650	25.06	7	2.000000	650.000000
172.01057330771	80.34599606877	60.0	13.023423	13.023423	2.00688151640	22.44	7	2.000000	650.000000
156.82476120635	76.92879275176	65.0	17.969165	17.969165	-15.19767637660	19.08	5	50.000000	650.000000
183.12647963133	71.14666766535	70.0	9.790079	9.790079	2.75861907220	62.04	5	50.000000	650.000000
183.29600585136	68.46800031822	75.0	11.063067	11.063067	-0.39585884770	69.94	4	50.000000	650.000000
183.29600585136	68.46800031822	80.0	11.063067	11.063067	-0.39585884770	69.94	4	50.000000	650.000000
183.29600585136	68.46800031822	85.0	11.063067	11.063067	-0.39585884770	69.94	4	50.000000	650.000000
177.45732728118	69.25715053666	90.0	16.176704	16.176704	-5.48028673580	59.13	3	50.000000	650.000000
172.12980291566	64.01863824325	95.0	17.231432	17.231432	-22.34399144190	212.16	2	50.000000	650.000000
172.12980291566	64.01863824325	100.0	17.231432	17.231432	-22.34399144190	212.16	2	50.000000	650.000000
172.12980291566	64.01863824325	105.0	17.231432	17.231432	-22.34399144190	212.16	2	50.000000	650.000000
172.12980291566	64.01863824325	110.0	17.231432	17.231432	-22.34399144190	212.16	2	50.000000	650.000000
176.94786779307	67.02887414654	115.0	11.278668	11.278668	-24.99800981920	120.52	3	50.000000	650.000000
181.45173838049	69.89596420350	120.0	6.814748	6.814748	-25.25441035350	127.03	5	50.000000	650.000000
