> 1. time window length: 10 m.y.; step: 5.0 m.y.
62.0186495	87.2239376	0	12.9214959	12.9214959	261.089166	92.0773	3	0	2
62.0186495	87.2239376	5	12.9214959	12.9214959	261.089166	92.0773	3	0	5
275.5	83.5999985	10	3.4000001	3.4000001	97.0823526	nan	1	0	20
211	81	30	20	16	40.384677	27	1	29	39
183.724352	85.0775937	35	22.5957759	22.5957759	-3.88740456	124.26	2	29	42
117.699997	85.5	40	4	3.4000001	-89.0115003	nan	1	34	42
284.252192	88.0204988	45	12.6168105	12.6168105	112.450739	96.5266	3	35	56
284.252192	88.0204988	50	12.6168105	12.6168105	112.450739	96.5266	3	35	56
203	65	120	7.07106781	7.07106781	-18.6326436	nan	1	117	127
