> 1. time window length: 10 m.y.; step: 5.0 m.y.
78.18843694753	85.35578261908	0.0	4.994152	4.994152	268.19531312700	23.86	36	0.000000	7.000000
83.35250023547	85.20469557318	5.0	4.953984	4.953984	-86.48316173236	22.37	39	0.000000	9.000000
128.81603438618	85.11350927181	10.0	27.143738	27.143738	-41.13444367090	12.42	4	0.000000	20.000000
65.73767718381	80.96440263350	15.0	13.869815	13.869815	254.06373927900	326.32	2	14.000000	17.000000
84.57361361480	84.67600791183	20.0	8.365012	8.365012	-84.68091668600	121.61	4	14.000000	26.000000
168.06890764497	85.77950393875	25.0	9.938493	9.938493	0.48901052690	37.84	7	2.000000	56.000000
159.80495539492	83.91198077856	30.0	9.834191	9.834191	-8.78358384410	32.68	8	2.000000	65.000000
185.98425594924	81.71865859262	35.0	9.130380	9.130380	11.76684932700	44.66	7	2.000000	65.000000
193.50118886121	81.88614778857	40.0	6.994453	6.994453	14.97980928000	75.44	7	15.000000	60.000000
182.20213102593	86.80505826453	45.0	5.717393	5.717393	7.96199638080	112.43	7	35.000000	56.000000
164.38328456843	85.51049302373	50.0	4.787897	4.787897	-4.87789741240	116.59	9	35.000000	56.000000
151.81414607722	79.51609063943	55.0	6.216616	6.216616	-18.86260722890	69.55	9	40.000000	72.000000
145.45138726757	79.12197821195	60.0	9.554911	9.554911	-29.84393264230	29.99	9	40.000000	72.000000
178.69673229082	71.39676278184	65.0	7.997996	7.997996	-6.95118263840	71.13	6	45.000000	85.000000
206.86230486243	77.45697044598	70.0	14.293708	14.293708	33.40450137000	29.61	5	50.000000	90.000000
210.52978720191	77.33300687870	75.0	9.170619	9.170619	38.87767916100	37.44	8	50.000000	100.000000
197.55168205589	69.41878498710	80.0	7.376941	7.376941	12.59236683600	67.91	7	65.000000	100.000000
198.00000000000	58.00000000000	85.0	8.700000	6.700000	-13.65020879890	142.00	1	65.000000	100.000000
203.01570808101	66.66623465567	100.0	30.193016	30.193016	5.73409785080	70.53	2	50.000000	150.000000
177.72262010487	64.42263568878	105.0	15.656542	15.656542	-23.16222533670	256.54	2	60.000000	150.000000
185.38939184264	67.91175116616	110.0	32.289435	32.289435	-29.40426840800	61.93	2	65.000000	146.000000
181.88731156463	72.09125069068	115.0	19.767437	19.767437	-31.34743843040	161.72	2	111.000000	123.000000
191.97834327063	70.80749078549	120.0	3.468055	3.468055	-25.40168541110	303.94	7	112.000000	132.000000
