> 1. time window length: 10 m.y.; step: 5.0 m.y.
67.65856279441	81.21037979415	0.0	14.263520	14.263520	253.21031371900	13.99	9	0.000000	2.000000
67.65856279441	81.21037979415	5.0	14.263520	14.263520	253.21031371900	13.99	9	0.000000	5.000000
240.00000000000	82.00000000000	30.0	58.000000	49.000000	78.26646218400	55.00	1	2.000000	65.000000
117.97391384121	85.52751827064	35.0	2.709077	2.709077	-64.90777143990	8500.86	2	2.000000	65.000000
117.69999700000	85.50000000000	40.0	4.000000	3.400000	-89.01150029658	nan	1	34.000000	42.000000
186.33719721136	84.17828679171	45.0	8.137531	8.137531	17.83453750400	944.00	2	35.000000	56.000000
186.33719721136	84.17828679171	50.0	8.137531	8.137531	17.83453750400	944.00	2	35.000000	56.000000
123.61309648089	79.00520894238	55.0	61.306940	61.306940	-47.00337085350	18.77	2	50.000000	65.000000
123.61309648089	79.00520894238	60.0	61.306940	61.306940	-47.00337085350	18.77	2	50.000000	65.000000
197.80710466872	61.91343278667	75.0	11.339100	11.339100	7.01522091300	487.20	2	68.000000	89.000000
194.36911348141	65.21373934494	80.0	8.217478	8.217478	7.54031275940	226.12	3	68.000000	89.000000
202.20625991595	66.58205218661	120.0	10.298467	10.298467	-17.87815631040	144.35	3	116.000000	127.000000
