> 1. time window length: 10 m.y.; step: 5.0 m.y.
105.53793933864	86.21059707355	0.0	5.149498	5.149498	-67.65124781520	43.45	19	0.000000	56.000000
98.24027856546	86.46376846822	5.0	4.964788	4.964788	-73.97508545250	44.19	20	0.000000	56.000000
309.61823678410	85.84468454312	10.0	15.504632	15.504632	152.69853143400	64.27	3	0.000000	56.000000
227.23116050870	82.76275207799	15.0	33.055061	33.055061	68.83187313100	59.20	2	2.000000	65.000000
167.26857304556	80.68060949834	20.0	10.213002	10.213002	-2.59236852320	57.08	5	2.000000	65.000000
160.19375069406	80.12109976531	25.0	7.585983	7.585983	-10.76799611170	54.27	8	2.000000	65.000000
160.19375069406	80.12109976531	30.0	7.585983	7.585983	-10.76799611170	54.27	8	2.000000	65.000000
175.51931320421	85.08310462711	35.0	8.829616	8.829616	9.07180196690	47.69	7	2.000000	65.000000
181.49375483951	85.24359740817	40.0	6.616564	6.616564	11.93339160100	61.51	9	2.000000	65.000000
180.26482823273	85.06734049293	45.0	5.669187	5.669187	8.38405911030	73.57	10	2.000000	65.000000
179.59453989794	82.91725256130	50.0	5.739069	5.739069	7.75852315410	45.36	15	2.000000	650.000000
173.84030241531	83.76726329617	55.0	8.094172	8.094172	7.37221568320	29.72	12	2.000000	650.000000
174.18877659596	83.26944823490	60.0	10.221571	10.221571	7.30998706450	23.30	10	2.000000	650.000000
141.03031508582	79.06198227884	65.0	13.136772	13.136772	-28.47018020390	18.73	8	15.000000	650.000000
174.36591918851	73.93759598011	70.0	19.018526	19.018526	-3.01859316670	17.14	5	50.000000	650.000000
177.11101767504	71.36384749087	75.0	18.667887	18.667887	-2.97631257910	17.75	5	50.000000	650.000000
177.11101767504	71.36384749087	80.0	18.667887	18.667887	-2.97631257910	17.75	5	50.000000	650.000000
177.11101767504	71.36384749087	85.0	18.667887	18.667887	-2.97631257910	17.75	5	50.000000	650.000000
161.12492816193	73.14271158420	90.0	40.752390	40.752390	-16.08535333340	10.21	3	50.000000	650.000000
169.78781065761	71.42412669199	95.0	25.299236	25.299236	-13.80603719580	14.16	4	50.000000	650.000000
169.78781065761	71.42412669199	100.0	25.299236	25.299236	-13.80603719580	14.16	4	50.000000	650.000000
169.78781065761	71.42412669199	105.0	25.299236	25.299236	-13.80603719580	14.16	4	50.000000	650.000000
161.12492816193	73.14271158420	110.0	40.752390	40.752390	-16.08535333340	10.21	3	50.000000	650.000000
180.94553925520	71.80088165608	115.0	19.577723	19.577723	-16.58382402920	16.23	5	50.000000	650.000000
180.94553925520	71.80088165608	120.0	19.577723	19.577723	-16.58382402920	16.23	5	50.000000	650.000000
