> 1. time window length: 10 m.y.; step: 5.0 m.y.
61.21355280273	81.38223542525	0.0	9.363107	9.363107	245.37307775500	20.57	13	0.000000	5.000000
61.21355280273	81.38223542525	5.0	9.363107	9.363107	245.37307775500	20.57	13	0.000000	5.000000
275.50000000000	83.59999850000	10.0	3.400000	3.400000	97.08235262700	nan	1	0.000000	20.000000
149.07001934970	85.35770897296	30.0	33.721806	33.721806	-19.64408026000	56.96	2	26.000000	39.000000
149.07001934970	85.35770897296	35.0	33.721806	33.721806	-19.64408026000	56.96	2	26.000000	39.000000
146.19999700000	79.40000150000	40.0	9.600000	9.600000	-25.11790965160	14.60	1	40.000000	46.000000
132.93377161261	84.80016574553	45.0	24.819042	24.819042	-47.09182276710	103.36	2	42.000000	49.000000
156.31414992056	85.39656736255	50.0	22.282321	22.282321	-23.75186843650	127.72	2	45.000000	53.000000
167.30000300000	81.19999690000	55.0	7.100000	7.100000	-1.76626772180	27.80	1	49.000000	55.000000
183.37784957463	81.15698871660	60.0	3.092044	3.092044	12.63330650000	6525.99	2	59.000000	67.000000
183.37784957463	81.15698871660	65.0	3.092044	3.092044	12.63330650000	6525.99	2	59.000000	67.000000
197.80710466872	61.91343278667	75.0	11.339100	11.339100	7.01522091300	487.20	2	68.000000	89.000000
194.36911348141	65.21373934494	80.0	8.217478	8.217478	7.54031275940	226.12	3	68.000000	89.000000
186.69999700000	65.09999850000	100.0	12.500000	8.800000	-8.05986774940	nan	1	98.000000	102.000000
172.00000000000	69.00000000000	115.0	10.000000	7.000000	-41.50788179180	44.00	1	113.000000	123.000000
172.00000000000	69.00000000000	120.0	10.000000	7.000000	-41.50788179180	44.00	1	113.000000	123.000000
